2147483362
2147483401
2147483342
2147483546
2147483363
2147483469
2147483354
2147483341
2147483192
2147483292
2147483428
2147483207
2147483206
2147483188
2147483522
2147483450
2147483221
2147483229
2147483536
2147483492
2147483196
2147483225
2147483429
2147483282
2147483547
2147483377
2147483433
2147483186
2147483219
2147483528
2147483257
2147483347
2147483301
2147483252
2147483238
2147483256
2147483210
2147483267
2147483409
2147483259
2147483189
2147483489
2147483575
2147483562
2147483441
2147483410
2147483474
2147483555
2147483473
2147483346
2147483385
2147483424
2147483365
2147483569
2147483386
2147483492
2147483377
2147483364
2147483215
2147483315
2147483451
2147483230
2147483229
2147483211
2147483545
2147483473
2147483244
2147483252
2147483559
2147483515
2147483219
2147483248
2147483452
2147483305
2147483570
2147483400
2147483456
2147483209
2147483242
