1719
1882
1864
1861
1514
1837
1709
1769
1818
1564
1852
1846
1623
1700
1609
1538
1610
1684
1645
1725
1574
1591
1598
1560
1812
1751
1629
1511
1644
1821
1772
1638
1523
1602
1815
1597
1730
1606
1748
1619
1620
1829
1794
1741
1687
1703
1797
1875
1715
1849
1548
1845
1557
1605
1874
1878
1546
1699
1634
1642
1884
1556
1572
1524
1510
1811
1822
1853
1534
1657
1668
1702
1637
1885
1588
1773
1738
1545
1559
1579
1531
1685
1716
1747
1658
1695
1581
1789
1530
1575
1518
1819
1502
1627
1688
1865
1757
1571
1858
1692
1619
1782
1764
1761
1414
1737
1609
1669
1718
1464
1752
1746
1523
1600
1509
1438
1510
1584
1545
1625
1474
1491
1498
1460
1712
1651
1529
1411
1544
1721
1672
1538
1423
1502
1715
1497
1630
1506
1648
1519
1520
1729
1694
1641
1587
1603
1697
1775
1615
1749
1448
1745
1457
1505
1774
1778
1446
1599
1534
1542
1784
1456
1472
1424
1410
1711
1722
1753
1434
1557
1568
1602
1537
1785
1488
1673
1638
1445
1459
1479
1431
1585
1616
1647
1558
1595
1481
1689
1430
1475
1418
1719
1402
1527
1588
1765
1657
1471
1758
1592
1515
1678
1660
1657
1310
1633
1505
1565
1614
1360
1648
1642
1419
1496
1405
1334
1406
1480
1441
1521
1370
1387
1394
1356
1608
1547
1425
1307
1440
1617
1568
1434
1319
1398
1611
1393
1526
1402
1544
1415
1416
1625
1590
1537
1483
1499
1593
1671
1511
1645
1344
1641
1353
1401
1670
1674
1342
1495
1430
1438
1680
1352
1368
1320
1306
1607
1618
1649
1330
1453
1464
1498
1433
1681
1384
1569
1534
1341
1355
1375
1327
1481
1512
1543
1454
1491
1377
1585
1326
1371
1314
1615
1298
1423
1484
1661
1553
1367
1654
1488
1480
1643
1625
1622
1275
1598
1470
1530
1579
1325
1613
1607
1384
1461
1370
1299
1371
1445
1406
1486
1335
1352
1359
1321
1573
1512
1390
1272
1405
1582
1533
1399
1284
1363
1576
1358
1491
1367
1509
1380
1381
1590
1555
1502
1448
1464
1558
1636
1476
1610
1309
1606
1318
1366
1635
1639
1307
1460
1395
1403
1645
1317
1333
1285
1271
1572
1583
1614
1295
1418
1429
1463
1398
1646
1349
1534
1499
1306
1320
1340
1292
1446
1477
1508
1419
1456
1342
1550
1291
1336
1279
1580
1263
1388
1449
1626
1518
1332
1619
1453
1474
1637
1619
1616
1269
1592
1464
1524
1573
1319
1607
1601
1378
1455
1364
1293
1365
1439
1400
1480
1329
1346
1353
1315
1567
1506
1384
1266
1399
1576
1527
1393
1278
1357
1570
1352
1485
1361
1503
1374
1375
1584
1549
1496
1442
1458
1552
1630
1470
1604
1303
1600
1312
1360
1629
1633
1301
1454
1389
1397
1639
1311
1327
1279
1265
1566
1577
1608
1289
1412
1423
1457
1392
1640
1343
1528
1493
1300
1314
1334
1286
1440
1471
1502
1413
1450
1336
1544
1285
1330
1273
1574
1257
1382
1443
1620
1512
1326
1613
1447
1656
1819
1801
1798
1451
1774
1646
1706
1755
1501
1789
1783
1560
1637
1546
1475
1547
1621
1582
1662
1511
1528
1535
1497
1749
1688
1566
1448
1581
1758
1709
1575
1460
1539
1752
1534
1667
1543
1685
1556
1557
1766
1731
1678
1624
1640
1734
1812
1652
1786
1485
1782
1494
1542
1811
1815
1483
1636
1571
1579
1821
1493
1509
1461
1447
1748
1759
1790
1471
1594
1605
1639
1574
1822
1525
1710
1675
1482
1496
1516
1468
1622
1653
1684
1595
1632
1518
1726
1467
1512
1455
1756
1439
1564
1625
1802
1694
1508
1795
1629
1483
1646
1628
1625
1278
1601
1473
1533
1582
1328
1616
1610
1387
1464
1373
1302
1374
1448
1409
1489
1338
1355
1362
1324
1576
1515
1393
1275
1408
1585
1536
1402
1287
1366
1579
1361
1494
1370
1512
1383
1384
1593
1558
1505
1451
1467
1561
1639
1479
1613
1312
1609
1321
1369
1638
1642
1310
1463
1398
1406
1648
1320
1336
1288
1274
1575
1586
1617
1298
1421
1432
1466
1401
1649
1352
1537
1502
1309
1323
1343
1295
1449
1480
1511
1422
1459
1345
1553
1294
1339
1282
1583
1266
1391
1452
1629
1521
1335
1622
1456
1674
1837
1819
1816
1469
1792
1664
1724
1773
1519
1807
1801
1578
1655
1564
1493
1565
1639
1600
1680
1529
1546
1553
1515
1767
1706
1584
1466
1599
1776
1727
1593
1478
1557
1770
1552
1685
1561
1703
1574
1575
1784
1749
1696
1642
1658
1752
1830
1670
1804
1503
1800
1512
1560
1829
1833
1501
1654
1589
1597
1839
1511
1527
1479
1465
1766
1777
1808
1489
1612
1623
1657
1592
1840
1543
1728
1693
1500
1514
1534
1486
1640
1671
1702
1613
1650
1536
1744
1485
1530
1473
1774
1457
1582
1643
1820
1712
1526
1813
1647
1516
1679
1661
1658
1311
1634
1506
1566
1615
1361
1649
1643
1420
1497
1406
1335
1407
1481
1442
1522
1371
1388
1395
1357
1609
1548
1426
1308
1441
1618
1569
1435
1320
1399
1612
1394
1527
1403
1545
1416
1417
1626
1591
1538
1484
1500
1594
1672
1512
1646
1345
1642
1354
1402
1671
1675
1343
1496
1431
1439
1681
1353
1369
1321
1307
1608
1619
1650
1331
1454
1465
1499
1434
1682
1385
1570
1535
1342
1356
1376
1328
1482
1513
1544
1455
1492
1378
1586
1327
1372
1315
1616
1299
1424
1485
1662
1554
1368
1655
1489
1456
1619
1601
1598
1251
1574
1446
1506
1555
1301
1589
1583
1360
1437
1346
1275
1347
1421
1382
1462
1311
1328
1335
1297
1549
1488
1366
1248
1381
1558
1509
1375
1260
1339
1552
1334
1467
1343
1485
1356
1357
1566
1531
1478
1424
1440
1534
1612
1452
1586
1285
1582
1294
1342
1611
1615
1283
1436
1371
1379
1621
1293
1309
1261
1247
1548
1559
1590
1271
1394
1405
1439
1374
1622
1325
1510
1475
1282
1296
1316
1268
1422
1453
1484
1395
1432
1318
1526
1267
1312
1255
1556
1239
1364
1425
1602
1494
1308
1595
1429
