10
5
18 26 66 75 
17 58 39 76 
72 21 85 56 
38 29 71 61 
6 35 95 48 
10
455 130 605 632 
598 457 967 843 
63 235 410 397 
280 561 608 588 
489 19 882 258 
477 445 767 903 
632 206 681 342 
72 2 964 786 
173 328 285 392 
938 212 990 463 
42
651 26 936 945 
8 426 839 796 
187 13 924 238 
209 608 725 724 
243 392 298 502 
448 518 733 699 
402 206 550 875 
113 170 332 445 
516 333 992 810 
503 84 602 708 
212 309 438 834 
234 703 886 863 
34 501 551 587 
586 194 793 267 
200 562 315 684 
48 278 309 808 
270 141 779 858 
115 344 970 482 
314 252 615 554 
534 251 567 996 
770 235 946 507 
78 388 667 782 
797 271 891 899 
123 114 803 607 
472 67 1004 441 
715 742 963 884 
161 676 812 764 
91 73 326 157 
191 123 778 514 
317 474 808 828 
578 8 950 754 
347 259 575 745 
111 411 949 499 
138 137 827 237 
357 17 767 414 
311 168 439 598 
192 65 982 92 
206 12 556 161 
428 304 444 892 
119 281 447 568 
75 59 175 408 
101 186 226 760 
290
500 197 598 814 
50 85 722 399 
224 231 484 678 
79 52 1003 902 
919 381 991 626 
380 617 634 840 
205 64 743 258 
479 440 907 763 
338 794 963 797 
160 383 906 990 
63 736 784 810 
213 310 304 689 
721 443 814 639 
62 58 849 414 
335 595 793 623 
821 126 878 640 
133 269 956 818 
361 160 840 200 
293 201 477 947 
23 841 995 905 
298 226 785 694 
129 1 172 667 
359 196 809 1001 
393 210 443 858 
422 132 847 531 
893 158 925 174 
610 263 643 779 
409 221 990 856 
687 79 853 311 
711 396 787 662 
615 415 709 824 
556 603 786 975 
74 727 245 837 
407 513 562 761 
466 463 832 778 
668 465 916 952 
58 479 110 911 
611 195 714 219 
625 629 703 853 
593 374 770 504 
312 577 404 934 
292 29 917 949 
93 179 174 437 
12 142 306 519 
217 404 256 880 
320 101 431 212 
345 241 644 683 
684 292 881 509 
326 37 970 276 
103 213 231 576 
61 257 535 913 
445 458 861 549 
498 26 730 375 
499 524 696 849 
325 296 395 695 
885 427 922 657 
104 57 607 943 
20 14 127 377 
165 732 381 760 
444 338 863 554 
375 5 516 409 
423 34 639 117 
248 59 874 91 
232 121 680 433 
222 563 866 903 
766 622 898 757 
284 47 482 277 
759 4 967 143 
503 745 789 887 
272 365 336 544 
17 663 955 978 
667 312 826 564 
377 123 591 676 
435 205 974 705 
501 445 629 724 
764 545 973 894 
597 19 1002 870 
339 655 932 895 
155 834 515 970 
57 145 102 147 
317 585 791 793 
565 134 657 798 
771 716 993 889 
439 314 623 734 
374 448 859 950 
291 820 645 926 
275 178 464 873 
145 612 449 819 
122 303 151 517 
191 21 962 830 
337 371 391 511 
226 307 261 313 
89 512 825 782 
228 55 944 187 
685 508 788 562 
21 462 283 961 
648 150 747 460 
387 6 480 976 
441 206 462 673 
379 582 550 680 
186 194 399 868 
130 645 397 940 
153 135 229 785 
383 7 618 920 
101 548 910 851 
99 137 816 764 
188 83 654 912 
42 483 834 766 
250 539 253 721 
823 350 983 497 
124 525 552 679 
305 352 613 355 
73 596 511 896 
65 775 636 848 
413 467 497 774 
193 66 989 556 
167 10 421 883 
9 61 773 264 
681 738 988 969 
260 249 347 697 
26 482 187 537 
234 63 279 423 
170 120 737 852 
41 251 546 701 
132 247 971 547 
156 699 566 938 
783 154 959 224 
33 574 965 1000 
599 391 758 719 
166 669 1000 710 
142 285 318 994 
150 575 777 709 
53 298 373 627 
605 401 844 882 
367 412 761 658 
117 270 635 520 
315 16 700 422 
76 102 778 572 
24 480 125 772 
473 65 928 237 
276 234 724 538 
688 209 812 753 
31 229 341 400 
653 573 877 605 
199 373 914 416 
408 320 513 523 
697 286 966 900 
146 181 420 831 
219 99 858 464 
177 97 734 754 
55 180 211 380 
382 553 438 690 
617 681 935 915 
664 306 945 468 
547 731 662 960 
267 198 972 865 
363 242 376 644 
416 131 727 240 
59 770 475 930 
149 76 744 927 
269 95 307 119 
108 128 651 972 
660 35 895 752 
30 370 994 884 
144 282 502 992 
107 78 717 1004 
271 24 642 611 
551 278 769 758 
571 53 909 767 
6 700 525 827 
452 351 678 954 
92 397 330 890 
196 191 366 360 
710 398 818 590 
152 394 573 691 
181 478 303 829 
468 466 879 971 
396 881 1001 995 
331 494 716 898 
604 216 754 637 
640 633 810 682 
425 163 804 914 
545 459 912 607 
10 87 741 654 
78 77 933 364 
507 570 920 861 
35 684 52 928 
671 18 762 176 
274 90 707 792 
493 172 802 436 
32 318 705 335 
731 750 843 942 
15 208 715 438 
851 407 936 439 
708 233 862 571 
752 559 889 957 
121 341 846 421 
56 501 760 743 
54 112 542 518 
38 677 96 741 
765 566 873 893 
43 225 926 614 
448 108 969 347 
2 358 247 366 
621 220 891 712 
392 336 960 561 
490 113 836 498 
324 653 514 958 
29 481 751 696 
16 32 560 115 
344 168 948 897 
310 325 691 790 
45 30 558 796 
197 248 941 791 
208 542 725 836 
163 476 975 583 
768 62 820 204 
584 345 986 859 
720 173 807 382 
424 514 900 910 
661 40 742 846 
355 70 356 698 
194 8 641 586 
64 31 612 807 
154 92 871 652 
622 372 674 941 
371 410 738 908 
892 9 968 593 
526 71 915 835 
71 22 419 643 
265 675 819 742 
343 140 418 826 
235 98 251 315 
123 300 630 431 
215 435 353 788 
8 118 532 842 
175 486 855 492 
183 446 578 636 
489 255 496 321 
115 165 815 863 
437 378 576 599 
281 89 585 274 
216 671 254 847 
263 726 568 781 
522 51 999 686 
206 88 486 702 
676 94 694 368 
790 515 839 619 
182 153 980 751 
236 238 495 271 
14 496 592 857 
415 660 887 802 
543 13 868 294 
487 188 569 339 
210 552 982 740 
70 289 349 708 
148 146 672 833 
333 302 736 692 
249 232 538 279 
485 528 883 787 
294 428 828 765 
454 273 957 878 
237 82 451 862 
109 169 481 217 
278 293 523 799 
51 333 471 642 
505 789 841 816 
240 199 257 656 
289 420 683 506 
474 578 583 735 
134 23 655 850 
39 175 488 606 
46 450 299 931 
537 631 553 946 
190 192 557 236 
491 457 794 666 
903 184 951 472 
453 48 934 939 
97 107 348 718 
82 33 203 936 
259 144 870 408 
606 330 719 854 
646 44 977 693 
321 442 987 866 
442 406 492 855 
264 507 308 885 
455 344 528 567 
178 96 827 417 
4 615 360 822 
713 2 833 80 
8
127 899 484 964 
13 598 798 949 
536 233 794 826 
262 90 746 248 
404 289 937 432 
152 444 525 736 
419 249 876 822 
296 142 546 902 
123
103 250 784 671 
66 61 467 181 
14 269 922 463 
146 429 615 973 
37 570 848 759 
495 765 590 971 
63 251 462 417 
132 258 651 682 
125 478 489 545 
206 84 289 221 
1 295 310 799 
92 388 316 931 
542 282 976 684 
82 193 622 528 
185 153 970 590 
747 32 821 64 
219 607 576 899 
81 224 258 697 
374 140 402 711 
623 606 906 617 
705 957 802 981 
216 205 266 850 
836 216 901 947 
458 154 558 448 
529 622 556 730 
340 558 378 901 
326 381 662 783 
670 577 889 693 
754 510 982 702 
40 76 545 721 
588 36 786 786 
325 327 790 456 
193 354 783 826 
279 405 486 934 
31 311 627 961 
431 888 535 962 
173 243 272 497 
583 351 871 457 
801 600 913 818 
849 12 911 521 
528 260 668 414 
141 150 955 468 
481 816 910 881 
271 688 715 994 
93 467 290 556 
148 374 669 562 
99 435 817 680 
95 132 866 686 
115 79 601 344 
761 96 925 334 
349 95 465 898 
19 839 229 993 
116 214 917 317 
60 170 811 944 
236 189 330 985 
561 630 923 757 
165 583 624 599 
260 157 549 988 
396 505 587 728 
331 817 854 819 
85 82 557 436 
121 3 427 806 
701 696 874 769 
130 34 471 886 
47 222 104 453 
383 310 608 902 
420 827 897 958 
568 367 818 792 
129 44 610 244 
865 296 896 394 
94 271 523 372 
152 624 914 935 
167 848 763 956 
186 256 757 724 
127 729 191 754 
76 194 803 553 
578 365 813 997 
297 49 333 111 
491 812 765 970 
234 704 690 779 
39 30 498 220 
70 626 867 853 
88 4 721 662 
21 67 393 836 
142 858 771 943 
78 149 621 909 
514 40 950 425 
218 10 412 480 
368 652 416 913 
699 867 872 876 
410 133 846 843 
140 555 851 653 
175 370 562 820 
246 764 870 965 
145 238 648 892 
629 535 665 968 
151 450 904 752 
356 207 893 526 
776 72 929 815 
225 508 307 573 
485 449 979 502 
195 574 369 736 
276 125 508 613 
171 65 286 542 
319 268 323 734 
200 691 214 1000 
820 265 841 578 
10 342 773 894 
413 13 857 305 
309 285 460 983 
646 669 650 822 
415 884 546 966 
144 101 559 940 
32 18 205 108 
376 60 635 639 
112 172 223 832 
162 575 936 647 
244 267 318 801 
389 201 628 996 
525 213 538 681 
105 78 686 423 
159 648 902 845 
321 701 344 738 
500
350 164 586 657 
101 171 141 173 
304 223 824 336 
92 332 462 688 
828 359 843 547 
740 765 986 792 
554 677 644 960 
208 7 653 22 
599 550 931 914 
76 178 473 714 
402 433 578 901 
175 312 680 505 
807 221 972 590 
282 333 965 461 
268 264 598 375 
130 346 959 531 
256 262 507 265 
115 344 866 702 
718 545 884 885 
196 493 874 832 
797 601 949 751 
425 370 478 866 
685 498 694 661 
59 528 482 980 
82 124 867 856 
60 700 836 898 
821 397 939 501 
493 850 765 911 
376 15 381 63 
497 513 525 760 
408 387 453 525 
21 274 904 320 
752 273 783 709 
142 743 645 983 
64 98 490 653 
307 197 696 645 
806 349 840 409 
90 72 313 938 
253 250 564 812 
24 347 53 826 
352 571 894 803 
705 213 932 456 
118 508 631 742 
860 345 914 404 
616 635 841 770 
751 412 895 727 
145 75 389 1000 
41 446 738 820 
600 563 623 852 
190 67 612 352 
117 445 143 943 
45 200 935 767 
784 182 789 564 
463 881 573 887 
290 156 383 756 
315 299 634 418 
20 48 230 441 
236 747 321 926 
250 434 555 683 
502 518 928 629 
179 647 607 749 
185 16 926 369 
498 407 878 526 
436 468 710 934 
187 50 549 925 
228 689 779 971 
5 70 609 512 
659 207 826 845 
160 205 176 862 
9 85 533 542 
272 46 890 781 
8 105 28 599 
214 307 531 606 
266 13 617 89 
96 400 359 483 
333 199 764 854 
513 33 739 379 
505 381 854 949 
447 32 966 515 
25 429 899 581 
558 194 632 391 
492 538 905 750 
682 473 963 831 
13 188 368 950 
289 212 597 319 
796 248 943 568 
84 66 449 230 
147 184 557 739 
318 2 523 474 
70 565 285 796 
712 502 792 730 
97 801 605 886 
237 6 707 383 
183 569 606 1003 
364 342 916 806 
627 82 673 844 
69 152 222 548 
135 140 218 970 
583 185 802 817 
35 729 235 894 
217 618 805 867 
465 58 532 112 
336 335 576 406 
252 175 851 282 
390 253 422 509 
32 5 980 123 
328 201 639 634 
124 447 754 880 
515 735 923 771 
19 137 1003 903 
569 388 633 478 
893 97 952 883 
109 226 386 838 
316 895 746 953 
458 365 958 829 
379 232 433 272 
342 61 879 109 
136 860 979 888 
168 101 940 403 
229 519 319 532 
587 203 818 283 
114 754 635 990 
245 236 921 695 
656 413 689 759 
159 187 987 724 
450 62 745 313 
171 414 983 723 
126 204 396 480 
306 422 338 732 
1 88 540 593 
294 53 475 521 
407 219 767 423 
284 39 539 810 
517 357 859 779 
339 454 908 523 
106 833 310 1001 
151 646 406 793 
347 772 500 773 
480 267 816 499 
351 192 542 600 
649 573 838 775 
907 540 960 931 
131 30 400 278 
201 234 592 818 
181 251 877 592 
366 17 872 527 
881 674 975 876 
658 301 730 405 
459 745 725 979 
588 443 937 529 
343 1 403 191 
258 81 394 587 
102 575 514 839 
123 690 424 951 
683 20 858 591 
834 169 889 995 
412 620 820 905 
164 268 842 821 
941 24 990 472 
560 774 602 946 
312 255 562 277 
813 202 871 338 
89 534 132 555 
349 215 398 712 
91 49 541 582 
375 585 713 870 
716 261 864 567 
324 38 715 157 
892 276 919 510 
55 113 432 651 
193 237 950 660 
172 206 662 958 
113 149 794 930 
16 229 420 766 
247 484 954 912 
232 27 561 471 
74 410 148 791 
33 328 703 477 
628 768 648 784 
491 488 922 928 
46 208 325 964 
169 491 911 936 
571 450 953 554 
30 119 641 165 
77 126 107 364 
277 8 985 239 
397 358 839 842 
198 37 263 630 
149 594 829 974 
244 632 845 744 
155 256 451 841 
753 686 901 705 
301 411 485 808 
243 23 791 654 
469 170 762 460 
669 174 823 458 
63 466 418 562 
234 93 724 339 
369 122 732 644 
527 666 852 993 
27 242 761 933 
552 889 1000 920 
582 892 744 932 
36 899 414 994 
345 631 625 795 
233 19 706 462 
163 633 850 997 
431 420 674 891 
211 104 251 287 
790 136 998 464 
134 368 594 537 
50 721 377 922 
189 439 354 884 
111 927 240 955 
801 90 830 270 
34 627 409 670 
774 31 800 602 
589 246 903 496 
108 869 273 924 
543 127 647 560 
14 470 42 617 
186 129 248 227 
224 733 512 989 
728 162 891 864 
329 589 714 1004 
385 102 691 142 
231 210 760 968 
287 576 670 663 
546 553 924 580 
766 186 833 495 
2 490 832 807 
755 363 775 489 
267 12 419 736 
100 141 192 416 
269 487 798 726 
94 621 997 667 
264 311 814 811 
62 315 750 638 
529 279 756 611 
309 71 870 296 
37 614 942 837 
283 133 723 148 
225 167 733 678 
288 107 421 978 
495 494 643 741 
120 457 667 503 
387 94 660 373 
516 193 711 291 
559 179 742 828 
362 130 982 790 
137 86 511 777 
293 106 570 120 
259 543 887 802 
388 26 697 401 
39 300 56 497 
305 190 334 317 
249 451 593 799 
219 266 695 893 
920 570 1001 902 
197 257 615 390 
110 377 122 421 
99 263 127 500 
395 254 748 945 
758 139 946 417 
327 384 927 625 
202 825 654 904 
553 74 897 561 
405 9 708 725 
303 427 604 746 
795 310 906 486 
441 14 902 402 
78 304 808 324 
22 716 51 942 
430 330 620 361 
156 868 763 890 
286 399 601 783 
340 195 856 463 
692 395 731 758 
622 166 938 819 
862 25 964 805 
610 147 844 676 
384 252 793 717 
26 465 749 984 
382 286 809 642 
153 574 925 813 
603 431 876 438 
203 340 365 965 
567 247 882 616 
150 640 886 834 
655 295 883 755 
486 830 873 998 
65 682 297 814 
657 135 663 348 
638 367 678 637 
378 151 443 753 
275 380 729 1002 
401 873 440 919 
254 68 298 643 
967 354 968 628 
200 245 271 331 
296 297 772 738 
194 218 777 220 
681 217 698 797 
483 530 945 650 
87 114 693 748 
544 244 951 969 
180 437 488 605 
170 143 410 849 
174 209 206 737 
452 78 719 485 
574 36 993 111 
341 44 537 235 
626 150 675 658 
216 334 353 701 
308 824 323 981 
619 579 929 679 
595 740 735 882 
75 289 835 321 
209 583 519 675 
380 134 969 973 
262 424 281 607 
411 323 666 506 
608 308 687 719 
17 476 780 710 
261 596 446 827 
280 249 591 604 
621 559 855 728 
11 132 590 848 
83 228 989 972 
357 181 992 952 
23 4 736 840 
274 789 636 915 
317 372 811 896 
278 432 799 785 
195 303 640 929 
584 284 769 608 
246 51 629 138 
528 975 898 996 
472 309 534 906 
489 64 585 240 
57 673 416 967 
848 366 944 941 
457 269 671 693 
29 624 962 985 
67 47 242 612 
265 77 853 292 
71 84 442 225 
86 211 434 639 
44 780 467 822 
227 343 295 697 
81 517 468 557 
300 761 494 957 
461 353 782 847 
471 3 981 787 
138 76 370 108 
550 698 948 937 
676 522 817 907 
144 95 581 467 
677 535 847 552 
128 533 900 603 
85 356 846 977 
154 52 704 398 
481 224 613 597 
650 337 661 762 
810 125 819 913 
15 448 167 874 
49 504 865 916 
146 146 679 776 
346 57 565 469 
320 100 460 241 
477 393 652 691 
177 118 439 715 
12 83 778 305 
700 713 776 947 
701 145 909 281 
956 426 977 757 
52 481 686 752 
737 177 912 696 
372 259 896 917 
344 687 518 836 
302 435 415 668 
207 376 978 923 
93 214 479 428 
371 442 955 823 
857 707 961 861 
825 131 976 948 
815 877 917 897 
637 238 930 306 
31 163 428 878 
363 65 579 449 
556 578 812 909 
437 158 684 659 
161 117 988 685 
166 73 241 128 
611 516 984 615 
47 720 165 908 
373 382 868 386 
614 440 743 598 
624 595 664 871 
157 54 572 794 
43 610 1002 664 
330 507 530 536 
521 79 566 183 
332 539 476 809 
95 285 947 963 
223 91 934 436 
139 69 393 798 
215 29 885 511 
331 172 726 350 
470 329 563 430 
105 34 768 992 
68 110 503 959 
741 314 971 649 
205 325 358 846 
356 96 524 556 
152 546 456 865 
438 316 646 479 
191 444 618 718 
484 99 770 374 
535 60 910 92 
79 116 119 455 
260 680 827 800 
568 155 722 722 
335 566 580 944 
40 103 444 453 
757 704 786 921 
7 672 536 778 
391 28 747 804 
292 160 496 900 
125 42 831 341 
226 243 720 851 
199 482 974 782 
506 168 577 636 
73 408 702 940 
18 260 509 355 
204 699 548 991 
464 351 1004 584 
717 11 875 389 
104 415 709 976 
596 161 880 475 
413 40 435 665 
184 271 668 962 
399 18 995 910 
771 392 957 622 
72 216 863 459 
48 541 721 863 
112 626 788 662 
54 558 504 816 
255 35 429 858 
311 524 690 652 
4 59 276 987 
6 764 501 935 
3 322 522 671 
221 298 651 879 
98 45 337 159 
80 669 291 961 
133 153 213 196 
103 294 672 982 
58 43 913 56 
699 10 837 198 
140 763 279 999 
38 694 526 986 
367 293 727 711 
210 21 665 280 
158 843 355 872 
759 551 933 706 
322 419 575 731 
630 360 781 572 
182 853 455 855 
326 703 999 857 
454 544 474 655 
129 144 445 769 
417 385 994 656 
348 258 466 378 
188 734 499 815 
547 681 551 875 
270 41 361 154 
404 189 785 835 
642 275 861 290 
360 176 688 520 
239 371 973 939 
487 121 520 222 
392 80 803 788 
314 918 849 956 
238 288 804 425 
427 396 869 954 
257 492 545 641 
173 302 787 577 
734 588 773 786 
991 233 996 514 
888 684 970 988 
178 87 508 708 
88 586 299 648 
121 180 220 619 
162 609 374 623 
426 55 448 859 
66 549 918 613 
61 362 915 966 
510 318 538 692 
116 115 936 326 
300
355 746 965 981 
482 112 996 515 
240 199 473 244 
413 398 985 956 
78 553 277 614 
757 116 864 659 
60 692 529 736 
640 673 818 809 
331 577 619 847 
791 42 846 365 
340 98 400 138 
762 13 980 711 
139 196 424 907 
105 53 881 955 
337 20 964 64 
552 96 685 228 
576 346 741 805 
62 661 878 969 
122 143 207 950 
262 417 763 688 
365 59 681 946 
615 754 747 886 
646 428 726 796 
236 401 592 935 
166 363 359 496 
132 162 137 822 
472 113 510 442 
186 191 789 376 
509 219 958 756 
468 115 816 189 
230 792 813 976 
75 133 498 171 
275 612 322 939 
302 121 983 964 
616 678 714 862 
180 328 389 926 
724 669 946 769 
30 668 587 987 
625 497 629 525 
868 379 997 501 
327 2 344 573 
154 249 349 319 
272 222 694 551 
357 285 371 559 
92 246 599 875 
273 455 550 512 
674 507 832 761 
39 223 530 983 
233 546 601 979 
412 6 792 751 
499 125 751 281 
942 575 954 708 
231 693 897 821 
96 28 605 369 
542 770 862 922 
51 438 690 441 
546 707 732 733 
449 60 588 108 
707 134 902 139 
621 22 889 840 
104 504 384 775 
227 289 310 658 
86 719 705 885 
9 160 450 639 
899 40 961 804 
108 27 676 881 
398 527 556 621 
67 218 938 571 
18 348 966 613 
478 283 514 329 
814 339 836 753 
15 403 993 817 
919 15 937 710 
56 331 232 425 
385 864 821 878 
192 730 725 762 
34 131 860 944 
380 50 677 819 
196 784 435 870 
136 641 986 778 
181 270 704 397 
25 201 403 448 
583 225 930 290 
219 97 405 166 
434 29 672 701 
325 468 420 477 
5 852 977 916 
407 755 947 816 
287 38 395 447 
109 302 655 923 
617 844 863 927 
760 399 967 800 
125 83 804 325 
683 264 795 808 
441 127 633 193 
26 122 866 287 
93 542 455 600 
258 475 438 631 
169 227 577 765 
695 37 837 576 
443 638 781 791 
152 490 769 725 
494 25 849 120 
421 206 874 998 
735 313 810 986 
404 579 505 724 
7 216 579 785 
163 4 549 801 
414 176 719 635 
383 503 872 895 
367 72 808 275 
53 89 910 410 
687 149 753 997 
283 426 480 929 
182 70 700 420 
734 32 767 130 
768 367 900 538 
752 324 875 521 
40 737 990 992 
532 469 636 857 
541 103 645 780 
445 917 569 996 
408 419 526 656 
76 509 824 773 
221 185 597 960 
285 389 298 849 
829 830 981 853 
301 62 402 87 
833 495 992 583 
27 137 790 994 
657 172 806 342 
178 300 915 386 
48 887 72 958 
100 271 927 541 
484 580 703 836 
504 211 783 388 
57 667 501 941 
517 261 909 322 
312 536 855 937 
809 774 817 865 
527 105 854 679 
335 481 372 776 
843 726 926 831 
553 408 841 876 
44 666 317 788 
620 164 797 301 
64 609 933 984 
466 106 666 967 
600 592 898 648 
173 498 460 919 
205 35 538 966 
607 446 651 561 
270 450 381 856 
84 915 440 949 
515 153 803 739 
249 752 300 815 
91 436 259 572 
121 19 135 829 
562 63 778 811 
279 390 364 812 
55 45 177 938 
214 104 721 188 
193 449 894 560 
119 409 234 517 
442 335 632 732 
218 23 968 715 
146 75 411 233 
213 147 624 871 
374 10 459 689 
1 585 416 882 
106 33 647 187 
578 7 867 743 
71 247 243 434 
174 759 334 803 
361 48 1001 880 
114 291 215 430 
743 12 801 91 
346 444 358 899 
269 95 904 431 
63 229 525 873 
261 278 653 910 
706 254 738 670 
710 491 952 962 
127 85 774 654 
158 82 662 173 
351 443 363 539 
397 68 827 932 
170 155 539 224 
210 642 469 823 
477 534 637 660 
557 292 652 415 
492 581 949 728 
102 144 446 904 
497 593 955 971 
253 177 511 460 
81 168 911 898 
487 118 559 622 
11 81 377 677 
171 564 890 686 
8 129 318 210 
354 308 491 482 
79 602 116 883 
342 624 622 627 
648 17 853 483 
194 151 761 323 
379 238 991 833 
347 514 560 970 
179 758 891 861 
590 65 856 702 
282 150 520 943 
394 318 740 456 
68 175 513 186 
309 629 1004 824 
370 565 679 806 
422 55 962 674 
822 56 887 838 
882 489 886 683 
464 305 871 843 
254 198 534 959 
242 195 940 200 
649 135 678 156 
521 71 630 102 
780 492 786 626 
103 337 702 731 
292 255 729 989 
859 128 901 252 
61 359 1000 381 
41 378 971 543 
343 315 614 402 
669 854 979 963 
130 248 893 793 
223 141 675 740 
321 262 895 672 
32 520 164 877 
290 605 631 671 
202 158 415 358 
17 182 427 1001 
387 203 419 484 
877 506 974 518 
13 159 313 237 
736 94 939 451 
35 184 206 742 
650 717 663 954 
339 582 953 888 
432 174 773 458 
330 163 709 474 
195 748 984 757 
288 606 834 893 
247 591 409 973 
12 535 691 703 
3 267 888 461 
585 92 865 368 
764 589 873 706 
155 453 507 920 
4 892 471 913 
47 67 98 961 
439 109 508 975 
345 295 699 336 
241 644 668 813 
29 296 838 799 
208 145 248 951 
635 578 885 912 
360 208 483 781 
540 511 572 558 
191 306 995 646 
238 180 847 294 
794 316 811 317 
656 377 957 522 
126 178 131 361 
37 760 58 783 
555 544 746 695 
42 93 329 837 
257 620 554 738 
150 119 972 896 
580 242 759 890 
470 445 777 640 
332 479 819 914 
627 334 758 382 
323 269 844 529 
293 618 319 727 
256 400 348 413 
266 459 303 723 
184 486 756 911 
486 611 500 681 
276 424 963 952 
111 465 250 690 
20 284 428 974 
87 157 376 657 
141 467 299 510 
144 217 805 338 
176 161 609 968 
826 192 903 557 
425 49 982 818 
584 86 755 236 
74 146 112 462 
659 8 870 245 
217 197 858 884 
388 73 825 452 
110 183 905 205 
172 437 190 735 
400
220 236 448 627 
669 347 912 899 
320 263 743 316 
490 28 771 879 
480 583 544 636 
399 850 454 943 
523 273 595 891 
684 55 966 183 
54 185 945 358 
153 342 825 360 
279 445 806 468 
130 202 516 461 
101 178 119 315 
246 44 511 397 
69 695 680 840 
317 239 560 716 
176 157 855 933 
88 264 722 675 
616 8 970 833 
372 579 379 756 
14 377 438 941 
234 467 519 717 
29 219 778 557 
163 145 689 432 
679 69 814 321 
347 252 366 935 
105 408 512 690 
232 15 588 92 
858 226 885 958 
452 372 776 477 
464 16 646 96 
908 313 935 781 
277 299 899 436 
416 138 496 520 
546 233 745 755 
318 97 847 250 
384 559 643 988 
91 305 244 949 
175 395 856 517 
68 401 474 415 
185 21 690 341 
867 382 947 858 
94 620 632 694 
294 839 672 860 
532 272 821 333 
138 260 633 692 
443 919 565 936 
40 1 409 854 
336 208 975 581 
628 678 963 962 
226 232 734 630 
599 187 610 221 
158 196 597 641 
545 705 707 724 
470 603 891 733 
328 47 348 295 
188 2 887 896 
17 944 621 963 
4 186 167 285 
148 83 441 867 
389 374 567 777 
528 483 932 900 
225 527 620 866 
159 601 434 760 
30 223 456 541 
817 95 993 1002 
82 280 437 439 
161 576 460 661 
90 211 808 642 
386 411 786 472 
313 113 865 664 
252 38 718 773 
50 271 853 869 
593 32 715 915 
199 444 840 939 
236 192 884 464 
53 357 412 610 
719 765 974 921 
126 407 322 416 
518 118 600 699 
398 486 659 928 
256 498 369 648 
116 348 578 740 
617 282 637 366 
133 11 730 154 
12 4 758 688 
275 645 563 771 
196 298 329 309 
28 5 540 423 
145 795 872 806 
714 365 866 386 
25 24 640 842 
173 59 923 151 
554 511 774 621 
754 78 779 799 
619 631 914 829 
263 104 297 308 
129 553 190 779 
218 497 703 759 
487 417 926 813 
282 786 639 922 
284 612 878 652 
278 159 636 764 
757 45 784 100 
362 143 760 654 
97 555 227 932 
154 109 622 696 
95 116 168 589 
203 61 310 493 
551 163 900 174 
51 206 57 701 
382 189 888 776 
48 502 918 872 
140 304 726 455 
612 99 944 349 
396 257 533 950 
286 646 823 959 
171 203 994 534 
198 225 606 531 
380 715 756 844 
694 168 724 679 
303 343 651 732 
245 279 807 671 
557 547 634 897 
824 359 941 551 
239 115 670 427 
56 255 273 862 
478 931 765 937 
213 635 709 1001 
106 628 325 656 
107 23 655 667 
664 737 968 865 
555 75 990 582 
424 442 753 499 
446 58 881 322 
811 428 956 489 
767 573 985 984 
333 448 737 681 
645 53 820 184 
260 337 472 368 
72 51 583 287 
364 801 886 821 
494 670 958 875 
210 112 687 400 
36 19 258 487 
55 94 206 876 
570 259 594 659 
566 302 699 925 
141 525 143 657 
433 403 626 638 
200 847 589 894 
869 449 919 793 
179 637 485 714 
184 430 298 914 
706 141 924 371 
426 505 521 634 
543 948 903 982 
648 734 793 828 
1 155 304 507 
831 205 929 356 
848 613 907 976 
71 549 459 552 
253 142 987 954 
547 405 875 419 
18 125 476 136 
73 261 363 838 
110 778 142 849 
293 375 986 998 
385 340 537 509 
202 107 789 336 
343 268 934 269 
59 426 846 811 
237 251 370 561 
19 465 162 757 
151 191 981 711 
371 290 979 501 
170 162 909 898 
223 103 591 968 
605 180 733 275 
414 148 692 550 
120 41 221 703 
181 133 484 258 
335 25 873 990 
462 495 838 729 
152 139 744 605 
113 292 863 770 
67 33 524 597 
683 323 783 775 
697 748 791 974 
631 108 839 730 
514 905 781 987 
641 9 972 412 
33 391 192 451 
45 394 654 853 
435 127 579 514 
601 929 729 985 
35 27 42 379 
43 668 257 980 
98 361 195 614 
41 283 770 533 
607 422 742 741 
21 35 787 131 
316 195 843 684 
146 327 155 927 
358 317 559 851 
630 288 747 920 
930 129 988 973 
302 193 495 429 
561 618 960 981 
299 93 819 708 
513 106 813 224 
427 353 882 782 
87 574 272 947 
60 135 264 459 
430 301 525 506 
86 245 391 291 
569 149 812 602 
47 303 893 496 
78 119 910 566 
127 14 667 241 
312 476 421 822 
349 584 467 978 
483 214 750 868 
160 857 710 910 
394 3 894 539 
128 253 341 707 
393 222 420 591 
22 396 465 558 
31 286 368 530 
52 216 573 247 
267 381 841 864 
216 66 324 378 
530 98 678 907 
92 199 969 521 
270 352 842 632 
491 440 917 774 
61 460 663 672 
259 102 723 152 
238 217 705 450 
942 110 957 122 
123 536 292 965 
174 190 982 796 
2 248 305 494 
80 458 527 831 
9 212 345 650 
266 296 378 568 
5 406 552 818 
728 63 937 490 
660 76 871 267 
499 526 507 623 
564 470 764 938 
182 328 442 816 
539 790 943 895 
586 369 896 784 
649 660 844 855 
436 54 961 970 
536 284 796 810 
124 254 608 453 
96 523 861 639 
455 410 998 727 
314 454 769 663 
249 500 625 540 
15 77 350 518 
283 719 531 814 
291 12 330 466 
118 363 860 443 
208 231 353 823 
6 548 802 578 
338 607 815 680 
39 87 862 616 
233 18 997 37 
122 249 247 338 
501 384 965 830 
250 256 520 971 
108 34 1001 890 
877 852 890 992 
114 837 553 1000 
26 529 624 951 
89 82 489 991 
166 111 716 769 
357 414 447 843 
134 346 739 710 
419 593 422 736 
46 150 526 524 
58 972 948 1003 
224 462 895 588 
178 60 500 274 
307 171 668 354 
44 71 93 457 
618 446 829 887 
274 175 790 826 
346 662 603 783 
201 29 319 364 
75 6 761 739 
99 543 850 893 
880 20 991 188 
135 355 506 785 
388 30 592 404 
581 644 604 685 
156 720 515 997 
486 80 611 940 
702 26 868 86 
117 164 287 687 
100 262 816 435 
186 351 402 586 
24 387 879 930 
111 62 727 240 
453 488 642 901 
79 294 473 983 
400 745 502 803 
205 137 445 797 
165 330 183 808 
613 88 964 768 
131 235 996 572 
136 942 191 945 
74 50 112 626 
383 242 463 471 
549 200 939 836 
799 909 952 999 
477 402 602 845 
898 482 927 792 
301 40 568 334 
695 570 809 877 
538 817 977 871 
27 121 332 682 
306 227 902 743 
638 827 897 863 
614 73 1003 484 
23 413 959 977 
418 43 582 856 
466 312 995 575 
556 105 713 277 
103 424 686 916 
83 311 780 554 
231 281 738 339 
38 68 740 721 
229 331 406 967 
585 709 836 917 
265 532 696 996 
354 90 931 791 
289 438 342 994 
115 479 390 804 
837 392 953 481 
755 310 928 835 
16 114 749 237 
377 590 775 960 
125 172 187 751 
34 658 946 934 
700 516 752 569 
169 725 262 747 
147 165 417 452 
656 134 772 522 
268 812 759 886 
309 42 906 314 
375 478 688 1004 
104 91 653 726 
217 170 451 307 
212 36 296 761 
139 177 423 398 
340 89 989 544 
481 425 951 563 
121 140 736 665 
271 197 851 722 
763 542 978 595 
401 289 822 567 
615 22 685 238 
471 128 921 691 
64 587 828 604 
356 325 428 370 
337 345 731 409 
397 693 725 772 
331 194 450 324 
20 485 351 882 
300 655 925 986 
510 84 529 666 
308 393 673 758 
576 728 864 824 
32 329 971 834 
596 210 798 512 
439 85 701 906 
550 706 980 924 
84 278 415 819 
49 318 794 599 
355 580 457 870 
344 56 492 179 
10 390 475 560 
854 825 913 969 
180 79 587 598 
295 611 676 615 
751 344 950 608 
609 300 773 911 
373 389 425 953 
548 874 889 979 
77 565 826 903 
243 677 827 832 
657 64 832 306 
479 742 665 888 
251 74 949 749 
334 67 440 418 
662 123 732 538 
500
701 597 715 619 
603 129 641 860 
638 233 751 707 
454 134 568 825 
108 639 839 895 
801 29 842 367 
3 127 573 933 
318 683 637 896 
530 243 973 755 
53 264 692 600 
486 371 952 486 
852 202 959 653 
26 292 551 906 
184 518 286 967 
203 747 616 868 
525 268 605 756 
239 799 402 979 
81 827 929 963 
589 137 752 614 
613 5 763 69 
154 280 521 404 
642 126 704 658 
123 158 362 329 
283 244 762 387 
811 60 947 647 
83 703 817 994 
60 555 151 602 
327 926 861 934 
358 583 558 646 
310 758 778 764 
537 553 566 900 
315 554 744 978 
95 238 925 751 
354 100 703 135 
630 281 950 807 
27 335 493 987 
183 478 185 770 
451 622 823 744 
562 664 809 831 
487 388 828 671 
538 32 710 206 
287 114 293 273 
243 632 495 945 
482 20 904 775 
90 887 190 936 
87 297 891 706 
169 6 361 451 
456 195 832 956 
129 259 197 559 
138 736 466 969 
307 234 698 749 
198 445 771 549 
84 781 470 798 
351 886 695 988 
35 96 61 575 
483 662 908 729 
730 138 800 809 
655 433 749 488 
957 267 977 293 
62 178 844 271 
182 357 631 409 
5 79 29 881 
150 603 317 811 
133 99 473 953 
747 307 781 467 
271 739 849 761 
583 681 690 717 
233 130 680 198 
40 395 306 650 
48 529 344 952 
158 613 830 704 
21 347 437 579 
19 489 328 803 
67 27 88 865 
773 190 878 972 
116 818 174 917 
383 170 647 983 
159 463 570 902 
167 19 410 830 
334 51 472 587 
66 185 99 911 
340 336 769 757 
854 713 902 923 
370 144 728 843 
111 241 453 954 
7 196 256 837 
357 117 742 802 
303 95 684 504 
72 805 509 992 
59 272 906 294 
459 392 741 496 
670 77 979 904 
17 36 224 171 
546 176 870 414 
597 215 833 776 
313 41 855 670 
222 83 238 476 
210 814 713 872 
145 87 944 784 
943 64 954 605 
335 487 843 584 
140 236 554 679 
737 136 966 863 
6 246 675 897 
912 778 982 931 
39 279 374 345 
305 159 653 440 
639 61 820 861 
705 26 962 918 
338 40 618 381 
172 308 697 561 
272 339 668 822 
18 438 45 820 
128 54 314 955 
329 323 389 794 
187 562 585 693 
461 18 665 148 
578 699 599 787 
255 745 526 771 
343 990 636 993 
753 150 834 601 
199 48 732 907 
764 11 920 104 
161 338 594 576 
134 201 561 389 
932 636 935 1004 
155 245 494 724 
385 7 814 34 
135 578 609 594 
209 229 341 396 
462 74 564 142 
157 350 170 474 
80 2 122 981 
406 287 998 289 
281 461 302 973 
438 210 533 401 
110 84 770 741 
608 400 758 849 
387 191 972 997 
51 250 390 606 
269 224 875 627 
34 893 65 913 
363 471 975 949 
217 356 465 789 
257 719 796 796 
148 62 634 928 
195 399 860 655 
188 593 496 948 
650 275 810 437 
10 443 32 734 
207 313 601 514 
1 465 360 1003 
575 108 974 743 
405 227 485 464 
8 192 826 634 
497 101 514 393 
216 35 273 947 
421 153 528 656 
9 103 995 989 
97 733 706 867 
506 444 734 665 
794 90 921 423 
163 208 246 218 
678 266 847 577 
513 360 660 558 
923 742 924 873 
712 200 840 690 
392 163 503 910 
124 573 479 939 
536 168 911 402 
280 675 777 720 
666 53 965 916 
186 617 617 677 
425 55 645 541 
898 12 976 166 
332 91 398 322 
117 14 531 141 
33 304 37 384 
253 211 790 687 
795 378 986 502 
277 173 574 512 
756 640 948 812 
11 207 223 762 
543 472 548 522 
865 321 964 344 
104 332 417 454 
101 692 658 696 
177 203 883 673 
786 269 893 516 
275 105 981 305 
490 76 890 835 
22 213 56 324 
726 571 989 782 
648 899 993 998 
126 155 228 700 
377 21 969 431 
234 645 262 846 
345 726 429 930 
677 121 714 870 
508 436 996 824 
371 797 720 839 
16 548 411 772 
829 580 882 637 
276 277 812 678 
105 877 625 946 
656 301 667 864 
42 132 264 501 
261 221 916 348 
230 194 296 746 
661 97 853 164 
47 120 352 320 
119 418 582 629 
244 44 529 353 
2 390 415 416 
115 468 125 705 
593 376 821 590 
168 214 611 299 
227 375 378 604 
82 333 702 480 
285 37 409 815 
259 686 322 804 
292 800 380 932 
76 766 664 885 
165 149 633 591 
107 116 905 697 
93 469 735 848 
63 557 628 845 
149 94 339 172 
367 369 896 521 
114 145 552 598 
722 22 792 288 
457 157 652 552 
452 446 903 966 
682 152 748 725 
474 397 807 909 
320 10 547 582 
55 212 400 788 
215 547 592 779 
449 49 822 854 
204 93 888 791 
444 386 779 410 
240 265 813 570 
118 473 623 648 
651 146 933 852 
130 255 874 450 
430 722 612 785 
468 33 731 237 
324 359 739 385 
917 405 953 546 
242 484 685 641 
534 45 931 251 
304 38 869 459 
397 871 1002 937 
793 833 984 850 
936 421 949 980 
15 346 395 783 
708 52 876 780 
77 508 838 667 
202 542 971 684 
673 248 992 941 
691 494 1000 901 
431 1 799 528 
236 167 556 688 
803 31 886 773 
85 225 938 731 
760 276 999 337 
424 735 511 876 
205 314 294 829 
349 572 627 615 
469 66 804 943 
403 481 687 628 
346 58 729 566 
229 15 877 73 
235 231 897 232 
901 364 991 428 
420 520 676 912 
13 851 162 935 
127 230 774 832 
136 261 755 507 
25 125 247 842 
559 383 671 483 
54 226 584 434 
38 560 274 968 
587 737 772 801 
319 492 515 841 
590 585 696 823 
50 524 871 642 
270 556 997 859 
288 169 919 836 
289 523 939 961 
131 282 738 879 
372 361 825 730 
211 723 248 862 
672 160 866 503 
297 65 323 712 
86 283 669 403 
595 122 659 817 
206 118 555 415 
330 67 808 254 
586 8 863 711 
540 205 940 806 
426 182 757 432 
43 457 674 765 
57 256 983 526 
132 621 951 763 
153 223 572 258 
284 857 321 858 
212 659 894 727 
388 406 447 695 
89 284 937 477 
120 349 788 866 
384 470 960 890 
399 608 873 777 
368 177 718 355 
484 420 885 975 
505 419 899 616 
173 426 657 490 
189 291 416 919 
316 151 544 379 
214 878 607 962 
412 316 433 698 
4 71 707 925 
312 466 348 813 
152 534 837 924 
73 274 249 568 
489 161 987 971 
311 59 325 407 
512 290 619 509 
46 88 858 306 
279 372 342 624 
614 43 907 527 
106 927 252 957 
725 56 791 718 
441 327 709 550 
580 131 918 500 
266 661 517 760 
491 128 679 482 
218 533 699 668 
79 441 386 479 
68 417 686 996 
179 377 353 905 
629 270 754 795 
711 174 724 298 
620 422 845 612 
784 24 787 596 
241 511 606 908 
776 588 978 810 
201 853 480 891 
434 430 498 535 
30 889 767 977 
571 485 846 709 
391 456 761 626 
654 506 880 685 
71 30 78 458 
446 398 604 505 
121 303 856 985 
560 309 961 495 
396 691 910 880 
208 493 768 517 
301 209 926 260 
445 50 857 106 
147 816 887 944 
290 537 576 819 
96 204 765 728 
74 113 884 352 
598 217 914 278 
181 382 802 826 
364 413 376 660 
333 869 956 991 
14 112 689 373 
419 228 435 915 
36 318 450 540 
365 497 500 630 
58 189 775 1001 
663 70 946 519 
816 63 892 767 
191 46 278 263 
516 319 900 563 
557 328 831 964 
366 249 850 498 
200 769 213 1002 
440 199 789 920 
381 25 644 976 
448 334 719 940 
265 119 824 635 
92 82 232 188 
109 89 632 611 
443 109 524 181 
350 240 782 674 
180 448 394 768 
24 317 225 544 
408 123 867 666 
220 133 723 581 
160 391 258 607 
112 86 963 620 
600 42 864 840 
193 439 422 449 
237 184 492 793 
137 296 681 545 
156 242 746 455 
194 452 355 609 
70 408 467 874 
44 341 141 847 
41 515 596 894 
523 412 745 716 
347 165 427 999 
404 366 818 753 
481 3 502 362 
649 365 835 589 
171 330 226 942 
549 651 859 982 
12 532 941 657 
250 85 520 154 
401 57 501 929 
175 47 733 669 
282 156 930 235 
579 838 927 1000 
872 411 879 738 
423 143 577 394 
20 551 142 689 
418 531 522 574 
49 740 766 922 
166 821 621 986 
913 257 1001 425 
300 13 542 513 
393 610 958 892 
369 39 567 888 
550 186 683 302 
545 315 922 882 
455 672 783 938 
519 23 881 921 
458 253 615 649 
414 792 848 808 
299 750 373 950 
102 633 379 752 
475 72 988 499 
862 351 945 732 
268 370 504 462 
646 4 819 844 
75 326 251 790 
192 694 851 708 
382 331 622 530 
94 340 889 447 
100 239 928 543 
267 310 736 884 
693 179 836 525 
28 124 442 914 
477 197 740 460 
196 9 291 951 
541 680 643 883 
428 92 700 960 
518 78 591 219 
23 247 298 252 
471 193 868 958 
476 536 563 702 
64 491 527 625 
139 262 464 959 
806 638 815 903 
499 539 780 710 
463 295 785 427 
326 16 432 595 
569 175 994 342 
915 358 990 682 
535 187 581 834 
478 183 602 222 
336 107 407 216 
721 180 942 368 
98 475 219 974 
688 68 970 663 
309 343 488 701 
91 311 955 995 
69 380 626 435 
143 631 743 714 
356 81 797 759 
507 102 968 623 
510 110 565 140 
231 618 588 984 
436 569 759 644 
460 325 662 453 
841 139 985 786 
263 80 308 565 
694 828 980 856 
164 567 295 965 
413 147 805 748 
103 312 260 676 
375 75 539 285 
31 510 221 970 
52 28 146 599 
717 429 1003 754 
635 538 967 586 
610 592 727 774 
113 98 553 363 
331 115 640 286 
895 442 909 715 
144 17 1004 354 
245 654 827 855 
750 300 934 374 
176 111 716 898 
359 721 798 875 
178 162 624 424 
