1000
49 919
49 893
49 934
49 921
49 831
49 990
49 972
49 819
49 923
49 994
49 821
49 967
49 978
49 963
49 932
49 971
49 801
49 817
49 925
49 876
49 822
49 980
49 871
49 851
49 808
49 968
49 991
49 800
49 870
49 806
49 896
49 981
49 858
49 989
49 868
49 835
49 807
49 849
49 976
49 872
49 832
49 846
49 827
49 903
49 853
49 875
49 947
49 975
49 999
49 910
49 898
49 865
49 997
49 979
49 927
49 879
49 841
49 920
49 805
49 881
49 897
49 973
49 940
49 993
49 899
49 960
49 857
49 816
49 845
49 804
49 914
49 885
49 889
49 945
49 891
49 892
49 802
49 894
49 943
49 877
49 823
49 888
49 866
49 948
49 937
49 852
49 913
49 944
49 964
49 936
49 902
49 837
49 974
49 954
49 961
49 874
49 905
49 834
49 900
49 918
33 919
33 893
33 934
33 921
33 831
33 990
33 972
33 819
33 923
33 994
33 821
33 967
33 978
33 963
33 932
33 971
33 801
33 817
33 925
33 876
33 822
33 980
33 871
33 851
33 808
33 968
33 991
33 800
33 870
33 806
33 896
33 981
33 858
33 989
33 868
33 835
33 807
33 849
33 976
33 872
33 832
33 846
33 827
33 903
33 853
33 875
33 947
33 975
33 999
33 910
33 898
33 865
33 997
33 979
33 927
33 879
33 841
33 920
33 805
33 881
33 897
33 973
33 940
33 993
33 899
33 960
33 857
33 816
33 845
33 804
33 914
33 885
33 889
33 945
33 891
33 892
33 802
33 894
33 943
33 877
33 823
33 888
33 866
33 948
33 937
33 852
33 913
33 944
33 964
33 936
33 902
33 837
33 974
33 954
33 961
33 874
33 905
33 834
33 900
33 918
153 919
153 893
153 934
153 921
153 831
153 990
153 972
153 819
153 923
153 994
153 821
153 967
153 978
153 963
153 932
153 971
153 801
153 817
153 925
153 876
153 822
153 980
153 871
153 851
153 808
153 968
153 991
153 800
153 870
153 806
153 896
153 981
153 858
153 989
153 868
153 835
153 807
153 849
153 976
153 872
153 832
153 846
153 827
153 903
153 853
153 875
153 947
153 975
153 999
153 910
153 898
153 865
153 997
153 979
153 927
153 879
153 841
153 920
153 805
153 881
153 897
153 973
153 940
153 993
153 899
153 960
153 857
153 816
153 845
153 804
153 914
153 885
153 889
153 945
153 891
153 892
153 802
153 894
153 943
153 877
153 823
153 888
153 866
153 948
153 937
153 852
153 913
153 944
153 964
153 936
153 902
153 837
153 974
153 954
153 961
153 874
153 905
153 834
153 900
153 918
199 919
199 893
199 934
199 921
199 831
199 990
199 972
199 819
199 923
199 994
199 821
199 967
199 978
199 963
199 932
199 971
199 801
199 817
199 925
199 876
199 822
199 980
199 871
199 851
199 808
199 968
199 991
199 800
199 870
199 806
199 896
199 981
199 858
199 989
199 868
199 835
199 807
199 849
199 976
199 872
199 832
199 846
199 827
199 903
199 853
199 875
199 947
199 975
199 999
199 910
199 898
199 865
199 997
199 979
199 927
199 879
199 841
199 920
199 805
199 881
199 897
199 973
199 940
199 993
199 899
199 960
199 857
199 816
199 845
199 804
199 914
199 885
199 889
199 945
199 891
199 892
199 802
199 894
199 943
199 877
199 823
199 888
199 866
199 948
199 937
199 852
199 913
199 944
199 964
199 936
199 902
199 837
199 974
199 954
199 961
199 874
199 905
199 834
199 900
199 918
21 919
21 893
21 934
21 921
21 831
21 990
21 972
21 819
21 923
21 994
21 821
21 967
21 978
21 963
21 932
21 971
21 801
21 817
21 925
21 876
21 822
21 980
21 871
21 851
21 808
21 968
21 991
21 800
21 870
21 806
21 896
21 981
21 858
21 989
21 868
21 835
21 807
21 849
21 976
21 872
21 832
21 846
21 827
21 903
21 853
21 875
21 947
21 975
21 999
21 910
21 898
21 865
21 997
21 979
21 927
21 879
21 841
21 920
21 805
21 881
21 897
21 973
21 940
21 993
21 899
21 960
21 857
21 816
21 845
21 804
21 914
21 885
21 889
21 945
21 891
21 892
21 802
21 894
21 943
21 877
21 823
21 888
21 866
21 948
21 937
21 852
21 913
21 944
21 964
21 936
21 902
21 837
21 974
21 954
21 961
21 874
21 905
21 834
21 900
21 918
19 919
19 893
19 934
19 921
19 831
19 990
19 972
19 819
19 923
19 994
19 821
19 967
19 978
19 963
19 932
19 971
19 801
19 817
19 925
19 876
19 822
19 980
19 871
19 851
19 808
19 968
19 991
19 800
19 870
19 806
19 896
19 981
19 858
19 989
19 868
19 835
19 807
19 849
19 976
19 872
19 832
19 846
19 827
19 903
19 853
19 875
19 947
19 975
19 999
19 910
19 898
19 865
19 997
19 979
19 927
19 879
19 841
19 920
19 805
19 881
19 897
19 973
19 940
19 993
19 899
19 960
19 857
19 816
19 845
19 804
19 914
19 885
19 889
19 945
19 891
19 892
19 802
19 894
19 943
19 877
19 823
19 888
19 866
19 948
19 937
19 852
19 913
19 944
19 964
19 936
19 902
19 837
19 974
19 954
19 961
19 874
19 905
19 834
19 900
19 918
185 919
185 893
185 934
185 921
185 831
185 990
185 972
185 819
185 923
185 994
185 821
185 967
185 978
185 963
185 932
185 971
185 801
185 817
185 925
185 876
185 822
185 980
185 871
185 851
185 808
185 968
185 991
185 800
185 870
185 806
185 896
185 981
185 858
185 989
185 868
185 835
185 807
185 849
185 976
185 872
185 832
185 846
185 827
185 903
185 853
185 875
185 947
185 975
185 999
185 910
185 898
185 865
185 997
185 979
185 927
185 879
185 841
185 920
185 805
185 881
185 897
185 973
185 940
185 993
185 899
185 960
185 857
185 816
185 845
185 804
185 914
185 885
185 889
185 945
185 891
185 892
185 802
185 894
185 943
185 877
185 823
185 888
185 866
185 948
185 937
185 852
185 913
185 944
185 964
185 936
185 902
185 837
185 974
185 954
185 961
185 874
185 905
185 834
185 900
185 918
57 919
57 893
57 934
57 921
57 831
57 990
57 972
57 819
57 923
57 994
57 821
57 967
57 978
57 963
57 932
57 971
57 801
57 817
57 925
57 876
57 822
57 980
57 871
57 851
57 808
57 968
57 991
57 800
57 870
57 806
57 896
57 981
57 858
57 989
57 868
57 835
57 807
57 849
57 976
57 872
57 832
57 846
57 827
57 903
57 853
57 875
57 947
57 975
57 999
57 910
57 898
57 865
57 997
57 979
57 927
57 879
57 841
57 920
57 805
57 881
57 897
57 973
57 940
57 993
57 899
57 960
57 857
57 816
57 845
57 804
57 914
57 885
57 889
57 945
57 891
57 892
57 802
57 894
57 943
57 877
57 823
57 888
57 866
57 948
57 937
57 852
57 913
57 944
57 964
57 936
57 902
57 837
57 974
57 954
57 961
57 874
57 905
57 834
57 900
57 918
191 919
191 893
191 934
191 921
191 831
191 990
191 972
191 819
191 923
191 994
191 821
191 967
191 978
191 963
191 932
191 971
191 801
191 817
191 925
191 876
191 822
191 980
191 871
191 851
191 808
191 968
191 991
191 800
191 870
191 806
191 896
191 981
191 858
191 989
191 868
191 835
191 807
191 849
191 976
191 872
191 832
191 846
191 827
191 903
191 853
191 875
191 947
191 975
191 999
191 910
191 898
191 865
191 997
191 979
191 927
191 879
191 841
191 920
191 805
191 881
191 897
191 973
191 940
191 993
191 899
191 960
191 857
191 816
191 845
191 804
191 914
191 885
191 889
191 945
191 891
191 892
191 802
191 894
191 943
191 877
191 823
191 888
191 866
191 948
191 937
191 852
191 913
191 944
191 964
191 936
191 902
191 837
191 974
191 954
191 961
191 874
191 905
191 834
191 900
191 918
194 919
194 893
194 934
194 921
194 831
194 990
194 972
194 819
194 923
194 994
194 821
194 967
194 978
194 963
194 932
194 971
194 801
194 817
194 925
194 876
194 822
194 980
194 871
194 851
194 808
194 968
194 991
194 800
194 870
194 806
194 896
194 981
194 858
194 989
194 868
194 835
194 807
194 849
194 976
194 872
194 832
194 846
194 827
194 903
194 853
194 875
194 947
194 975
194 999
194 910
194 898
194 865
194 997
194 979
194 927
194 879
194 841
194 920
194 805
194 881
194 897
194 973
194 940
194 993
194 899
194 960
194 857
194 816
194 845
194 804
194 914
194 885
194 889
194 945
194 891
194 892
194 802
194 894
194 943
194 877
194 823
194 888
194 866
194 948
194 937
194 852
194 913
194 944
194 964
194 936
194 902
194 837
194 974
194 954
194 961
194 874
194 905
194 834
194 900
194 918
