1000
16 1073741757
16 1073741744
16 1073741700
16 1073741650
16 1073741734
16 1073741656
16 1073741777
16 1073741718
16 1073741646
16 1073741788
16 1073741735
16 1073741786
16 1073741675
16 1073741657
16 1073741750
16 1073741728
16 1073741738
16 1073741683
16 1073741764
16 1073741647
16 1073741752
16 1073741644
16 1073741804
16 1073741626
16 1073741723
16 1073741696
16 1073741807
16 1073741782
16 1073741637
16 1073741813
16 1073741719
16 1073741727
16 1073741685
16 1073741748
16 1073741791
16 1073741795
16 1073741746
16 1073741698
16 1073741814
16 1073741661
16 1073741740
16 1073741697
16 1073741649
16 1073741670
16 1073741684
16 1073741688
16 1073741625
16 1073741805
16 1073741690
16 1073741767
47 1073741757
47 1073741744
47 1073741700
47 1073741650
47 1073741734
47 1073741656
47 1073741777
47 1073741718
47 1073741646
47 1073741788
47 1073741735
47 1073741786
47 1073741675
47 1073741657
47 1073741750
47 1073741728
47 1073741738
47 1073741683
47 1073741764
47 1073741647
47 1073741752
47 1073741644
47 1073741804
47 1073741626
47 1073741723
47 1073741696
47 1073741807
47 1073741782
47 1073741637
47 1073741813
47 1073741719
47 1073741727
47 1073741685
47 1073741748
47 1073741791
47 1073741795
47 1073741746
47 1073741698
47 1073741814
47 1073741661
47 1073741740
47 1073741697
47 1073741649
47 1073741670
47 1073741684
47 1073741688
47 1073741625
47 1073741805
47 1073741690
47 1073741767
58 1073741757
58 1073741744
58 1073741700
58 1073741650
58 1073741734
58 1073741656
58 1073741777
58 1073741718
58 1073741646
58 1073741788
58 1073741735
58 1073741786
58 1073741675
58 1073741657
58 1073741750
58 1073741728
58 1073741738
58 1073741683
58 1073741764
58 1073741647
58 1073741752
58 1073741644
58 1073741804
58 1073741626
58 1073741723
58 1073741696
58 1073741807
58 1073741782
58 1073741637
58 1073741813
58 1073741719
58 1073741727
58 1073741685
58 1073741748
58 1073741791
58 1073741795
58 1073741746
58 1073741698
58 1073741814
58 1073741661
58 1073741740
58 1073741697
58 1073741649
58 1073741670
58 1073741684
58 1073741688
58 1073741625
58 1073741805
58 1073741690
58 1073741767
46 1073741757
46 1073741744
46 1073741700
46 1073741650
46 1073741734
46 1073741656
46 1073741777
46 1073741718
46 1073741646
46 1073741788
46 1073741735
46 1073741786
46 1073741675
46 1073741657
46 1073741750
46 1073741728
46 1073741738
46 1073741683
46 1073741764
46 1073741647
46 1073741752
46 1073741644
46 1073741804
46 1073741626
46 1073741723
46 1073741696
46 1073741807
46 1073741782
46 1073741637
46 1073741813
46 1073741719
46 1073741727
46 1073741685
46 1073741748
46 1073741791
46 1073741795
46 1073741746
46 1073741698
46 1073741814
46 1073741661
46 1073741740
46 1073741697
46 1073741649
46 1073741670
46 1073741684
46 1073741688
46 1073741625
46 1073741805
46 1073741690
46 1073741767
91 1073741757
91 1073741744
91 1073741700
91 1073741650
91 1073741734
91 1073741656
91 1073741777
91 1073741718
91 1073741646
91 1073741788
91 1073741735
91 1073741786
91 1073741675
91 1073741657
91 1073741750
91 1073741728
91 1073741738
91 1073741683
91 1073741764
91 1073741647
91 1073741752
91 1073741644
91 1073741804
91 1073741626
91 1073741723
91 1073741696
91 1073741807
91 1073741782
91 1073741637
91 1073741813
91 1073741719
91 1073741727
91 1073741685
91 1073741748
91 1073741791
91 1073741795
91 1073741746
91 1073741698
91 1073741814
91 1073741661
91 1073741740
91 1073741697
91 1073741649
91 1073741670
91 1073741684
91 1073741688
91 1073741625
91 1073741805
91 1073741690
91 1073741767
10 1073741757
10 1073741744
10 1073741700
10 1073741650
10 1073741734
10 1073741656
10 1073741777
10 1073741718
10 1073741646
10 1073741788
10 1073741735
10 1073741786
10 1073741675
10 1073741657
10 1073741750
10 1073741728
10 1073741738
10 1073741683
10 1073741764
10 1073741647
10 1073741752
10 1073741644
10 1073741804
10 1073741626
10 1073741723
10 1073741696
10 1073741807
10 1073741782
10 1073741637
10 1073741813
10 1073741719
10 1073741727
10 1073741685
10 1073741748
10 1073741791
10 1073741795
10 1073741746
10 1073741698
10 1073741814
10 1073741661
10 1073741740
10 1073741697
10 1073741649
10 1073741670
10 1073741684
10 1073741688
10 1073741625
10 1073741805
10 1073741690
10 1073741767
59 1073741757
59 1073741744
59 1073741700
59 1073741650
59 1073741734
59 1073741656
59 1073741777
59 1073741718
59 1073741646
59 1073741788
59 1073741735
59 1073741786
59 1073741675
59 1073741657
59 1073741750
59 1073741728
59 1073741738
59 1073741683
59 1073741764
59 1073741647
59 1073741752
59 1073741644
59 1073741804
59 1073741626
59 1073741723
59 1073741696
59 1073741807
59 1073741782
59 1073741637
59 1073741813
59 1073741719
59 1073741727
59 1073741685
59 1073741748
59 1073741791
59 1073741795
59 1073741746
59 1073741698
59 1073741814
59 1073741661
59 1073741740
59 1073741697
59 1073741649
59 1073741670
59 1073741684
59 1073741688
59 1073741625
59 1073741805
59 1073741690
59 1073741767
74 1073741757
74 1073741744
74 1073741700
74 1073741650
74 1073741734
74 1073741656
74 1073741777
74 1073741718
74 1073741646
74 1073741788
74 1073741735
74 1073741786
74 1073741675
74 1073741657
74 1073741750
74 1073741728
74 1073741738
74 1073741683
74 1073741764
74 1073741647
74 1073741752
74 1073741644
74 1073741804
74 1073741626
74 1073741723
74 1073741696
74 1073741807
74 1073741782
74 1073741637
74 1073741813
74 1073741719
74 1073741727
74 1073741685
74 1073741748
74 1073741791
74 1073741795
74 1073741746
74 1073741698
74 1073741814
74 1073741661
74 1073741740
74 1073741697
74 1073741649
74 1073741670
74 1073741684
74 1073741688
74 1073741625
74 1073741805
74 1073741690
74 1073741767
94 1073741757
94 1073741744
94 1073741700
94 1073741650
94 1073741734
94 1073741656
94 1073741777
94 1073741718
94 1073741646
94 1073741788
94 1073741735
94 1073741786
94 1073741675
94 1073741657
94 1073741750
94 1073741728
94 1073741738
94 1073741683
94 1073741764
94 1073741647
94 1073741752
94 1073741644
94 1073741804
94 1073741626
94 1073741723
94 1073741696
94 1073741807
94 1073741782
94 1073741637
94 1073741813
94 1073741719
94 1073741727
94 1073741685
94 1073741748
94 1073741791
94 1073741795
94 1073741746
94 1073741698
94 1073741814
94 1073741661
94 1073741740
94 1073741697
94 1073741649
94 1073741670
94 1073741684
94 1073741688
94 1073741625
94 1073741805
94 1073741690
94 1073741767
68 1073741757
68 1073741744
68 1073741700
68 1073741650
68 1073741734
68 1073741656
68 1073741777
68 1073741718
68 1073741646
68 1073741788
68 1073741735
68 1073741786
68 1073741675
68 1073741657
68 1073741750
68 1073741728
68 1073741738
68 1073741683
68 1073741764
68 1073741647
68 1073741752
68 1073741644
68 1073741804
68 1073741626
68 1073741723
68 1073741696
68 1073741807
68 1073741782
68 1073741637
68 1073741813
68 1073741719
68 1073741727
68 1073741685
68 1073741748
68 1073741791
68 1073741795
68 1073741746
68 1073741698
68 1073741814
68 1073741661
68 1073741740
68 1073741697
68 1073741649
68 1073741670
68 1073741684
68 1073741688
68 1073741625
68 1073741805
68 1073741690
68 1073741767
567372200 861857417
722559259 845597480
810859995 958387964
293482237 917258837
182666990 976967381
295826568 643113509
264814833 1036392052
899198340 976926592
338489575 727954002
874687244 1053641427
950205615 972448723
898054456 1055694001
878614066 932732575
1033941286 1050093270
717444255 942623125
496390652 672899071
580637187 875961228
962950622 998035355
877431933 966572451
691974634 972199132
253954326 447450052
201337147 431544771
1034688862 1059383348
210924747 398582870
180787118 532866666
114219344 404091022
323842885 432520762
480893803 886066808
964453548 1069886754
1061301300 1069262211
414273870 731782682
352622786 845420938
868341996 986820077
749285108 799724118
498131477 784933658
801939492 859141052
585459899 906674258
635198629 996674182
1014689664 1058559923
1032217007 1040758640
430628954 834305686
795787730 931312563
64764480 953381195
485203925 643328516
920777711 1029780393
538706782 544621725
608412018 750288538
345500435 583685973
83417109 244812448
658198546 704688551
288474764 1028655801
508419943 820116149
1005861525 1049665249
26038897 492052257
784060219 1010143244
240684019 386783511
988221185 1034026621
838764324 940681079
183810946 659803889
656983219 961958910
179629641 686333960
106544824 880634209
1028975959 1042210983
741107835 747467132
536738230 1050531618
297502500 407475433
442296482 1034467459
391322263 843664597
526851649 598570838
604605617 1059788907
180501490 192495168
761750102 992135667
361641232 584384537
767857874 783537166
997285318 1021563044
118431641 336187632
483226779 954238772
163692845 468007842
265553650 317548545
911437064 938557946
949426945 1008071685
980094299 1025109438
132655135 836310344
803188636 907789433
644121136 780924032
201658956 1028266009
321045070 622416700
881441186 938239628
163680765 556537818
522547572 1015205773
763354162 839274425
383282113 543567542
996964575 1036813109
236744439 576482995
393056901 772866621
1061438999 1073538943
825812522 902446243
792902230 985657307
790341812 939087376
655939742 852946084
678363109 882007982
856428612 1057836958
1047794394 1066493400
1016417509 1070014274
387141003 727271653
562010592 630380243
801677435 824824556
1035559813 1057176616
93585251 752721207
397149253 968301598
471103570 557980123
948134790 981022283
817908280 1031344340
871046118 989492049
151635970 649575640
457932183 487134776
349395916 593010098
1015039032 1039237923
859601520 1070074246
714892395 778411175
803620922 968491884
906823314 941692317
409190321 641081292
725058866 1027993098
837254582 879388087
302012994 1043862490
758355773 865897274
65921029 1044710366
176136038 901629477
687468980 812471383
934085784 946323793
901412021 1003655811
790638069 824992967
761806943 1044999760
77518003 692279145
559598033 992288166
1071174983 1072071635
588277777 991001368
680665278 882058142
238472935 962458982
360145258 485847560
1051579532 1067008444
242960362 1015146328
2841870 565778140
1055511917 1060829288
962141000 1034186355
386914142 507505308
98448963 916887316
396788281 414976094
655380546 974718712
931736637 933382968
911238522 911732931
82594479 159235968
341600765 886336495
684388127 964975999
1029722949 1056009793
6673025 516094335
873017268 950502639
251001260 942049194
1030315452 1048376647
326658146 997285801
227982176 768766517
255592710 481414349
501505730 747523200
555189428 731911613
883197128 959161528
64160163 966204943
314660728 422711269
398485965 755475869
414179218 797754713
176463153 371683362
274384290 840777047
125926978 628350989
5818169 33235820
264422880 943462476
66753232 659839027
515571553 870801973
369514255 805535306
981188256 1049825197
369977377 786990313
608643440 1059067782
571163439 749217178
884478349 1066636808
634591559 994419207
352061355 735702497
208910779 758875351
946992464 988680414
537843454 614238945
284877478 363194203
778479719 814615231
466425826 999285787
272804002 848223767
700786767 962683851
86661793 1064999176
614047800 814600458
426428218 541782900
159873648 975597635
77406604 138114807
77669048 751713964
218118395 477910565
563407748 843089258
774573839 786556542
260493632 569724342
1026618475 1052482701
798899815 842891761
1065079628 1065092931
287781506 798797932
155222985 1038171311
390840625 523435763
1059222822 1067274398
971333777 1012151899
925070496 1021125362
574374086 989583391
395554762 984648552
179049126 449030344
943574920 949125089
512374057 1008893130
58307644 887389647
1028409722 1041631698
278357255 307959812
611334986 703818258
1010011230 1018525588
492981618 745124831
891502615 943352684
841091155 861170358
535133409 849131688
961263234 1015593902
927256679 1037067245
232316842 944631871
530308833 782793811
377602821 417731510
66512328 266353158
879917966 1021471115
772628939 935238718
885787634 893727835
875182178 964920564
82229265 817144288
40587231 356308849
622689939 969883775
562274403 843839399
739902700 742537009
353724479 461754515
165537117 560646293
948981207 949303378
310580725 1069832231
553122488 576606906
595381124 1001448913
1000586940 1052375173
723437018 931281495
905730154 1043983353
4481261 242129464
976857676 1057502281
440430663 595004389
561166750 867566456
940516735 940945733
188717128 300213452
939170688 994936560
405118200 772754623
551147057 858023317
641661450 686343040
773864744 954890047
80095167 114658471
898163814 1069081359
908019493 1059005393
760157545 766711869
79036562 745550255
821878639 1003174749
220969643 273551954
900039111 915043683
419789150 510338283
160840102 458107616
1002794697 1049846846
743844512 826754109
494530931 828001854
934420753 945961326
728200213 734567798
733705129 809535371
267253739 483258432
360143646 582801367
937296707 953619737
224779685 776710552
1018583008 1038293081
936651719 961649749
623292815 659359370
935860089 986937347
967086931 987083818
894595829 985799831
826144458 1048144523
1053844200 1068997603
1047531143 1059985502
18645921 425703036
1010713324 1071938385
433590860 1050409387
848564806 973136618
2747379 105799740
959628637 967716440
450953083 865139130
67812598 70430439
66983280 180796793
527512808 606330891
579771287 736459732
264194115 742634841
463200549 712376796
564990902 796055853
468920794 984917459
793391363 978926775
644971104 645961629
993051154 1065882683
49540863 845085757
708513696 834094506
624185521 689238254
189487444 724752079
448137553 572059198
603773527 775014775
403486881 448529749
581630881 990321450
420583556 901713344
373719636 1017457187
137688455 757984968
675084746 947700800
636800010 991312041
996503889 1045230241
629362934 998853525
697224580 916733421
459130365 723374429
791397617 1055291940
612065488 693132989
80258634 377056948
1021812837 1028309294
710507696 1057374430
445903622 907533168
39557029 679198847
554717389 712094714
581520534 966858719
965457973 1059277858
104171673 360241238
304441265 1014641975
821141243 1023588022
356094902 1053941803
632882825 934135109
491887655 904314889
178183706 676337435
899613166 1021263189
460709821 949649937
934481437 1016130507
481805545 612212373
1053324774 1056744241
322513826 662746722
162896598 226124344
518133780 1059543148
465825889 672462828
325263544 423259305
528580406 813905316
1017701202 1073073025
832546309 988866012
235812572 637250481
493737777 937087729
125785287 825308848
161138507 863204121
920136992 1031119329
413372929 990361694
434513285 463466727
946610770 951379957
899764819 973407399
450303130 811931257
949091833 996036787
983025074 1049258144
851343112 1022493059
146644833 330041055
774902179 833755864
461211363 655188008
878296630 999877868
630178791 658215367
111432942 587699857
646004174 1073734176
100769506 306838013
212842172 553028553
390809856 640188977
860173631 935180634
487279230 598219323
524228801 1012404605
808598713 937126737
504094718 1039546182
214658799 1052350346
10848879 447468040
604835392 619603296
457251203 997896301
515956984 650175969
977921086 1019096936
649668648 838338443
859108780 952438403
857062837 871285529
252547951 443486327
350880648 575810809
233706947 342465122
498576284 862652453
539909438 573294161
817440409 1039350197
657494521 860601036
846514186 1048426299
146876841 324766439
284985079 616197468
786772341 985123679
26828358 566360315
33853459 673059747
402611809 701558991
95580200 718270920
982579212 1018341265
387618781 717743869
747494235 788279317
321406985 666475115
46912672 159809563
623089900 807559995
583381448 950491340
69830770 456445499
320387982 890405513
713108780 761860363
230445196 1019729494
31203728 874125507
750163059 1034810486
161084853 501745908
1066006059 1069762969
756668297 1005544733
1049136932 1073672863
672741675 789135595
377757066 441868664
221027422 790673645
1072929636 1073656552
91204314 758449043
577532551 795597606
457552 1041979945
175387798 575930794
689283519 959923469
207121284 647219696
1027666931 1068788375
270761050 910230915
728624206 946510522
395831246 831976775
851899802 967862783
232409153 452821865
17830960 337599766
926190125 987579985
579178421 774190704
614261061 858924869
739454783 1005000262
829365040 840321322
768608661 772604943
753851051 882552642
158085039 581222849
330485132 629849227
349904812 1042851706
508757053 875185911
909111696 964570220
1065836667 1073687973
919000681 1014774231
184233249 263907471
186847905 766965159
664781903 894473364
130876498 852988575
380778033 602625882
435965748 825978661
898500547 953120684
218880369 1029740477
108516807 205823466
1064772808 1071652488
424497448 711222417
738163721 824502974
467579329 670321385
418285960 704706707
874597887 891331675
584861498 731052161
310784703 1009654653
380083554 725776609
155066933 524628272
1004156116 1013986230
242235536 930411713
1026258114 1036443900
1008660618 1054835346
672803391 730842307
692496297 1033921412
1018535849 1048835326
845627883 973353982
546179673 595624370
260074244 930897916
627408387 823854437
633300878 933928447
238399286 595172122
1001865000 1009850938
330956287 581907464
880242323 1011470123
33423978 882205141
13320403 664974524
273200174 770791529
881499409 983001351
604940470 1012755452
513578327 912023097
958526476 1056942160
910493017 994139956
160823669 656100520
170502504 1019300182
